70
70
100
100
100
150
150
170
175
200
200
200
200
200
225
250
250
250
250
300
300
300
350
350
350
350
350
350
350
380
400
400
400
400
400
400
400
400
400
400
425
450
450
450
490
500
500
500
500
500
500
500
500
500
500
500
500
500
500
500
500
500
500
500
500
500
550
550
560
600
600
600
600
600
600
600
600
600
600
650
650
650
650
650
650
650
700
700
700
700
700
700
700
700
700
700
700
700
700
700
700
700
700
700
700
700
700
700
750
750
750
750
750
750
750
750
750
750
800
800
800
800
800
800
800
800
800
800
800
800
800
800
800
800
800
800
800
800
800
800
800
820
850
850
900
900
900
900
900
900
900
900
900
900
950
950
950
999
1000
1000
1000
1000
1000
1000
1000
1000
1000
1000
1000
1000
1000
1000
1000
1000
1000
1000
1000
1000
1000
1000
1000
1000
1000
1000
1100
1100
1100
1200
1200
1200
1200
1200
1200
1250
1250
1300
1300
1300
1400
1400
1400
1400
1400
1500
1500
1500
1500
1500
1500
1500
1500
1500
1500
1500
1500
1700
1800
1800
1800
1800
1850
1900
1900
2000
2000
2000
2000
2000
2000
2000
2000
2000
2000
2200
2500
2500
2500
2500
2500
2500
2500
2500
2500
2500
2800
3000
3000
3000
3000
3000
3000
3000
3000
3200
3500
4000
4000
4000
4000
4000
5000
5000
7000
8000